-16.953488372093023
0.23255813953488372
-25.627906976744185
10.279069767441861
10.488372093023257
-33.325581395348834
-16.58139534883721
1.6744186046511629
-42.93023255813954
-47.627906976744185
4.465116279069767
7.186046511627907
-15.186046511627907
-15.348837209302326
-20.25581395348837
10.162790697674419
-20.88372093023256
-47.627906976744185
-9.418604651162791
5.069767441860465
-28.674418604651162
-6.72093023255814
-9.604651162790697
-38.7906976744186
-13.69767441860465
-35.06976744186046
-47.627906976744185
-42.13953488372093
0.023255813953488372
-25.790697674418606
-19.046511627906977
6.325581395348837
-31.813953488372093
-1.6046511627906976
1.1395348837209303
-46.41860465116279
-40.395348837209305
2.4651162790697674
-1.888671875
-3.103515625
0.4140625
0.33203125
-3.998046875
-3.236328125
-2.16796875
-4.0
-4.0
-1.771484375
-2.1171875
-4.0
-1.513671875
-0.03515625
-4.0
-4.0
-2.240234375
-4.0
-4.0
-2.619140625
-1.302734375
-3.5546875
-1.609375
-1.47265625
-3.1640625
-0.724609375
-2.205078125
-4.0
-2.220703125
0.703125
-1.671875
-1.158203125
0.646484375
-2.43359375
-0.140625
-0.009765625
-3.236328125
-2.01171875
0.55078125
-0.283203125
-0.890625
0.3984375
-1.849609375
-2.4140625
-0.658203125
-0.173828125
-0.6171875
0.576171875
-2.572265625
-3.7421875
-0.37109375
-1.146484375
0.703125
0.03515625
-1.27734375
0.162109375
-3.3359375
-1.314453125
-1.16796875
-0.05078125
-1.73046875
0.986328125
-0.642578125
0.876953125
0.62890625
0.953125
-0.14453125
-0.203125
0.705078125
-1.39453125
0.103515625
-0.32421875
0.224609375
-2.451171875
0.4609375
0.0390625
0.6015625
-0.462890625
-1.759765625
-0.3203125
0.537109375
-0.171875
-0.73828125
-0.720703125
0.16015625
0.712890625
-0.048828125
-1.75390625
0.19921875
0.126953125
0.888671875
-1.919921875
0.6953125
0.21875
0.30078125
-0.533203125
0.814453125
0.626953125
-0.4765625
-0.751953125
-0.119140625
-0.416015625
0.099609375
-0.984375
-2.814453125
0.328125
0.3359375
-2.109375
-0.283203125
-1.419921875
-2.4296875
-0.087890625
-1.826171875
-4.0
-4.0
-4.0
-4.0
-4.0
-4.0
-4.0
-4.0
-4.0
-4.0
-4.0
0.86328125
0.3046875
0.08203125
0.94921875
0.63671875
-2.921875
-4.0
-4.0
-4.0
-4.0
-0.583984375
-1.552734375
-3.634765625
-1.021484375
-0.548828125
-2.064453125
0.232421875
-0.150390625
-3.986328125
-4.0
-4.0
-4.0
-4.0
-4.0
-0.34765625
0.033203125
-2.87890625
-2.728515625
-3.28515625
-4.0
-4.0
-3.798828125
-4.0
-4.0
-2.080078125
-2.91796875
-4.0
-4.0
-3.857421875
-3.71484375
-3.572265625
-3.439453125
-3.314453125
-3.19140625
-3.068359375
-2.955078125
-2.849609375
-2.736328125
-2.595703125
-2.54296875
-2.44921875
-2.35546875
-2.267578125
-2.181640625
-2.099609375
-2.017578125
-1.947265625
-1.8671875
-1.755859375
-1.732421875
-1.671875
-1.607421875
-1.544921875
-1.486328125
-1.42578125
-1.3671875
-1.322265625
-1.26953125
-1.220703125
-1.17578125
-1.134765625
-1.0859375
-1.04296875
-1.00390625
-0.958984375
-0.921875
-0.888671875
-0.853515625
-0.8203125
-0.787109375
-0.7578125
-0.7265625
-0.697265625
-0.669921875
-0.642578125
-0.615234375
-0.595703125
-0.5703125
-0.54296875
-0.517578125
-0.470703125
-0.4765625
-0.46484375
-0.44921875
-0.427734375
-0.400390625
-0.365234375
-0.37109375
-0.080078125
0.017578125
-0.38671875
-0.353515625
-0.314453125
-0.19921875
-0.306640625
-0.2890625
0.416015625
0.376953125
-0.3515625
-0.30859375
-0.27734375
-0.259765625
-0.232421875
-0.232421875
-0.2265625
0.001953125
-0.33203125
-0.287109375
-0.25390625
-0.232421875
-0.212890625
-0.203125
-0.193359375
-0.1796875
-0.171875
-0.1640625
-0.158203125
-0.146484375
-0.140625
-0.1328125
-0.12890625
-0.119140625
-0.11328125
-0.107421875
-0.1015625
-0.095703125
-0.0859375
-0.08203125
-0.072265625
0.6015625
-1.6015625
-1.234375
-0.181640625
-0.671875
0.146484375
0.8671875
-2.23046875
-1.978515625
0.228515625
-2.220703125
-4.0
-0.48828125
-0.03515625
0.330078125
0.783203125
-4.0
-4.0
-4.0
-4.0
-4.0
-3.787109375
-4.0
-4.0
-4.0
-4.0
-4.0
-4.0
-2.095703125
-0.517578125
-4.0
-4.0
-4.0
-4.0
-4.0
-4.0
-4.0
-4.0
-4.0
-3.9765625
-3.830078125
-3.693359375
-3.5546875
-3.42578125
-3.298828125
-3.177734375
-3.0546875
-2.951171875
-2.837890625
-0.3046875
0.97265625
0.939453125
0.90625
0.875
0.845703125
0.81640625
0.7890625
0.759765625
0.732421875
0.70703125
0.6875
0.662109375
0.640625
0.615234375
0.59765625
0.576171875
0.556640625
0.541015625
0.51953125
0.505859375
0.486328125
0.474609375
0.45703125
0.443359375
0.42578125
0.416015625
0.40625
0.388671875
0.37890625
0.36328125
0.353515625
0.34375
0.330078125
0.322265625
0.314453125
0.30078125
0.29296875
0.28515625
0.2734375
0.267578125
0.259765625
0.25390625
0.2421875
0.23828125
0.23046875
0.224609375
0.220703125
0.208984375
0.205078125
0.201171875
0.197265625
0.19140625
0.1875
0.177734375
0.173828125
0.169921875
0.166015625
0.1640625
0.16015625
0.15625
0.150390625
0.146484375
0.142578125
0.140625
0.13671875
0.134765625
0.1328125
0.130859375
0.126953125
0.125
0.119140625
0.115234375
0.115234375
0.11328125
0.111328125
0.109375
0.107421875
0.10546875
0.103515625
0.1015625
0.1015625
0.099609375
0.09765625
0.09765625
0.095703125
0.095703125
0.09375
0.087890625
0.0859375
0.083984375
0.083984375
0.08203125
0.08203125
0.080078125
0.080078125
0.078125
0.078125
0.078125
0.076171875
0.076171875
0.07421875
0.07421875
0.07421875
0.072265625
0.072265625
0.072265625
0.072265625
0.0703125
0.0703125
0.0703125
0.0703125
0.068359375
0.068359375
0.068359375
0.068359375
0.068359375
0.068359375
0.068359375
0.06640625
0.06640625
0.064453125
0.06640625
0.06640625
0.064453125
0.064453125
0.064453125
0.064453125
0.064453125
0.064453125
0.064453125
0.064453125
0.0625
0.0625
0.0625
0.056640625
0.0625
0.0625
0.0625
0.0625
0.0625
0.0625
0.0625
0.056640625
0.056640625
0.056640625
0.056640625
0.056640625
0.056640625
0.0546875
0.0546875
0.056640625
0.056640625
0.056640625
0.0546875
0.0546875
0.0546875
0.0546875
0.0546875
0.0546875
0.052734375
0.052734375
0.0546875
0.0546875
0.0546875
0.052734375
0.052734375
0.0546875
0.0546875
0.0546875
0.0546875
0.0546875
0.052734375
0.052734375
0.052734375
0.052734375
0.052734375
0.0546875
0.0546875
0.052734375
0.052734375
0.052734375
0.052734375
0.052734375
0.052734375
0.052734375
0.052734375
0.052734375
0.0546875
0.052734375
0.0546875
0.052734375
0.0546875
0.052734375
0.052734375
0.0546875
0.0546875
0.052734375
0.0546875
0.0546875
0.0546875
0.0546875
0.056640625
0.0546875
0.052734375
0.0546875
0.0546875
0.052734375
0.0546875
0.0546875
0.052734375
0.0546875
0.0625
0.0546875
0.052734375
0.0546875
0.052734375
0.052734375
0.052734375
0.0546875
0.052734375
0.052734375
0.056640625
0.056640625
0.052734375
0.0546875
0.0625
0.052734375
0.05078125
0.052734375
0.052734375
0.05078125
0.0546875
0.0546875
0.052734375
0.052734375
0.056640625
0.052734375
0.052734375
0.052734375
0.052734375
0.05078125
0.052734375
0.052734375
0.052734375
0.052734375
0.0625
0.0546875
0.05078125
0.0546875
0.056640625
0.05078125
0.0546875
0.064453125
0.0625
0.0546875
0.064453125
0.0625
0.0546875
0.0546875
0.064453125
0.056640625
0.0546875
0.064453125
0.05078125
0.056640625
0.0625
0.01953125
0.064453125
0.0625
0.064453125
0.064453125
0.056640625
0.06640625
0.044921875
0.0625
0.0625
0.064453125
0.0546875
0.052734375
0.0546875
0.0546875
0.05078125
0.0546875
0.0625
0.05078125
0.05078125
0.052734375
0.05078125
0.05078125
0.052734375
0.052734375
0.05078125
0.052734375
0.052734375
0.052734375
0.052734375
0.052734375
0.052734375
0.052734375
0.052734375
0.052734375
0.052734375
0.0546875
0.052734375
0.052734375
0.052734375
0.052734375
0.052734375
0.052734375
0.052734375
0.052734375
0.052734375
0.052734375
0.0546875
0.0546875
0.052734375
0.0546875
0.056640625
0.052734375
0.0546875
0.056640625
0.056640625
0.0546875
0.0625
0.06640625
0.0625
0.056640625
0.06640625
0.0625
0.0546875
0.0625
0.064453125
0.0546875
0.056640625
0.064453125
0.056640625
0.052734375
0.0625
0.0625
0.052734375
0.0546875
0.0625
0.0546875
0.052734375
0.0625
0.0625
0.05078125
0.0546875
0.0625
0.05078125
0.052734375
0.0625
0.0546875
0.052734375
0.0625
0.0625
0.05078125
0.052734375
0.0546875
0.052734375
0.05078125
0.0546875
0.0546875
0.052734375
0.0546875
0.0625
0.052734375
0.052734375
0.056640625
0.0546875
0.052734375
0.0546875
0.0625
0.0546875
0.056640625
0.064453125
0.056640625
0.052734375
0.056640625
0.056640625
0.052734375
0.0546875
0.064453125
0.056640625
0.0546875
0.064453125
0.0625
0.052734375
0.0546875
0.0625
0.052734375
0.052734375
0.0625
0.0546875
0.052734375
0.0625
0.0625
0.05078125
0.05078125
0.056640625
0.052734375
0.05078125
0.056640625
0.056640625
0.052734375
0.056640625
0.064453125
0.052734375
0.052734375
0.0546875
0.052734375
0.05078125
0.0546875
0.056640625
0.052734375
0.0546875
0.064453125
0.0625
0.0546875
0.064453125
0.0625
0.0546875
0.056640625
0.0546875
0.056640625
0.0625
-0.00390625
-0.005859375
0.0703125
0.0625
-0.017578125
0.0703125
0.068359375
-0.05078125
0.0234375
0.076171875
-0.103515625
-0.455078125
0.115234375
0.095703125
-0.177734375
0.080078125
0.109375
-0.134765625
-0.412109375
0.056640625
-0.322265625
-1.58203125
-0.2265625
0.1484375
-0.509765625
-0.234375
0.259765625
-0.033203125
-0.712890625
0.111328125
0.017578125
-1.0390625
-0.201171875
0.357421875
0.173828125
0.150390625
0.314453125
0.287109375
-0.07421875
0.20703125
0.236328125
-0.4453125
-0.525390625
0.322265625
0.115234375
-0.275390625
0.302734375
0.30078125
-0.26953125
-0.0234375
0.291015625
-0.189453125
-0.703125
0.333984375
0.291015625
-0.166015625
0.25390625
0.3359375
0.01171875
-0.220703125
0.26171875
-0.11328125
-1.27734375
-0.01171875
0.294921875
-0.45703125
-0.171875
0.40625
0.0
-0.884765625
0.158203125
0.017578125
-1.537109375
-0.626953125
0.4453125
-0.08984375
-0.14453125
0.53515625
0.453125
-0.0234375
0.427734375
0.447265625
-0.068359375
0.005859375
0.482421875
0.39453125
0.220703125
0.427734375
0.412109375
0.32421875
0.37890625
0.369140625
0.330078125
0.208984375
0.349609375
0.330078125
0.140625
0.296875
0.31640625
0.14453125
0.138671875
0.302734375
0.1953125
-0.443359375
0.240234375
0.298828125
-0.013671875
0.20703125
0.298828125
0.25390625
0.07421875
0.267578125
0.212890625
-0.556640625
-0.10546875
0.291015625
-0.080078125
-0.1015625
0.31640625
0.2734375
0.03125
0.2734375
0.265625
0.0390625
0.072265625
0.26953125
0.234375
0.119140625
0.2421875
0.234375
0.115234375
0.2109375
0.22265625
0.109375
-0.115234375
0.232421875
0.2109375
0.087890625
0.205078125
0.19921875
0.166015625
0.142578125
0.1875
0.115234375
-0.37109375
0.1875
0.19921875
-0.052734375
0.111328125
0.19921875
0.111328125
-0.19140625
0.171875
0.0390625
-0.93359375
-0.17578125
0.2578125
-0.076171875
-0.08203125
0.259765625
0.203125
-0.37890625
0.0078125
-0.05078125
-1.70703125
-1.798828125
0.2421875
-0.048828125
-0.541015625
0.291015625
0.275390625
-0.943359375
-0.763671875
-0.021484375
-1.228515625
-2.0546875
0.35546875
0.443359375
0.00390625
0.462890625
0.521484375
-0.267578125
-0.671875
0.26171875
-0.208984375
-1.099609375
0.509765625
0.6328125
0.48828125
0.546875
0.54296875
0.453125
0.14453125
0.48046875
0.41015625
-0.005859375
0.4609375
0.478515625
0.451171875
0.431640625
0.416015625
0.408203125
0.359375
0.37890625
0.36328125
0.197265625
0.30078125
0.349609375
0.333984375
0.3203125
0.314453125
0.30078125
0.28125
0.28515625
0.275390625
0.208984375
0.140625
0.267578125
0.255859375
0.220703125
0.23828125
0.234375
0.03515625
-0.1953125
0.138671875
-0.275390625
-1.11328125
0.017578125
0.171875
-0.416015625
0.0
0.3125
-0.09765625
-0.806640625
0.0078125
-0.1015625
-0.962890625
0.0234375
0.427734375
0.357421875
0.36328125
0.353515625
0.34375
0.302734375
0.318359375
0.306640625
0.2890625
0.291015625
0.275390625
0.26953125
0.263671875
0.25390625
0.244140625
0.240234375
0.232421875
0.2265625
0.224609375
0.21875
0.20703125
0.203125
0.19921875
0.193359375
0.189453125
0.1875
0.177734375
0.171875
0.173828125
0.171875
0.1640625
0.162109375
0.158203125
0.15625
0.146484375
0.146484375
0.140625
0.138671875
0.13671875
0.103515625
0.119140625
0.1328125
0.111328125
0.126953125
0.125
0.125
-0.13671875
-0.16796875
-0.10546875
-0.017578125
0.1640625
0.138671875
0.1328125
0.12890625
0.12890625
0.130859375
0.1328125
0.09765625
0.04296875
-0.099609375
0.107421875
0.1328125
0.125
0.1171875
0.115234375
0.115234375
0.125
0.09375
0.099609375
0.037109375
-0.083984375
0.103515625
0.1171875
0.109375
0.111328125
0.109375
0.052734375
-0.33203125
-0.09765625
-0.068359375
-0.171875
0.130859375
0.1484375
0.111328125
0.134765625
0.134765625
0.12890625
0.125
0.119140625
0.126953125
-0.099609375
0.068359375
0.134765625
0.126953125
0.125
0.1171875
0.115234375
0.11328125
0.109375
0.10546875
0.10546875
0.103515625
0.099609375
0.1015625
0.099609375
0.09765625
0.09375
0.09375
0.09375
0.087890625
0.09375
0.0859375
0.08203125
0.08203125
0.083984375
0.08203125
0.08203125
0.08203125
0.080078125
0.080078125
0.08203125
0.08203125
0.078125
0.076171875
0.076171875
0.076171875
0.07421875
0.076171875
0.078125
0.076171875
0.07421875
0.07421875
0.07421875
0.0703125
0.072265625
0.07421875
0.0703125
0.0546875
0.05078125
0.072265625
0.068359375
0.072265625
0.072265625
0.0703125
0.0703125
0.048828125
0.064453125
0.068359375
0.021484375
-0.01171875
0.017578125
-0.25390625
-0.57421875
-0.1015625
-0.0546875
-0.15234375
0.126953125
0.140625
0.095703125
-0.240234375
-0.462890625
-1.142578125
-2.390625
-2.390625
-2.0546875
-2.6171875
-1.794921875
-0.25390625
-0.462890625
-1.1171875
0.021484375
0.47265625
0.474609375
0.671875
0.666015625
0.6328125
0.603515625
0.576171875
0.5625
0.544921875
0.521484375
0.50390625
0.484375
0.474609375
0.45703125
0.44921875
0.4375
0.416015625
0.40625
0.392578125
0.28515625
0.1015625
-0.587890625
-1.29296875
-0.224609375
-0.0234375
-0.93359375
-1.19140625
-0.287109375
-0.283203125
-0.203125
0.240234375
-0.005859375
-1.408203125
-2.251953125
-1.916015625
-2.423828125
-2.298828125
-1.9453125
-3.701171875
-4.0
-4.0
-4.0
-4.0
-3.35546875
-1.236328125
-0.97265625
-0.9921875
0.29296875
0.625
-0.63671875
-0.87890625
-0.984375
-1.951171875
-1.53515625
0.720703125
0.28125
-0.703125
-0.462890625
-1.587890625
-2.796875
-1.66796875
-0.427734375
-0.1640625
0.80078125
-0.31640625
0.03515625
-0.40234375
-1.232421875
-0.359375
0.53515625
-0.3046875
-0.478515625
0.3359375
0.080078125
-0.1640625
0.9296875
0.564453125
0.970703125
0.0234375
-0.580078125
0.1484375
-0.302734375
-1.59765625
-0.76171875
0.28125
-0.662109375
-1.45703125
-0.82421875
-1.11328125
-1.365234375
0.275390625
0.2421875
-0.181640625
0.361328125
-0.650390625
-1.439453125
-0.259765625
-0.12890625
-1.396484375
-0.798828125
0.826171875
0.91796875
0.41796875
0.3203125
0.583984375
0.8046875
0.916015625
0.4296875
0.56640625
0.837890625
0.173828125
-1.384765625
-1.44921875
-2.5390625
-4.0
-4.0
-2.54296875
-2.83203125
-2.947265625
-1.3359375
-1.234375
-1.943359375
-0.51171875
-28.872340425531913
-27.76595744680851
-26.70212765957447
-25.70212765957447
-24.70212765957447
-23.70212765957447
-22.48936170212766
-22.148936170212767
-21.25531914893617
-20.46808510638298
-19.680851063829788
-18.93617021276596
-18.170212765957448
-17.51063829787234
-16.829787234042552
-16.127659574468087
-14.914893617021276
-15.063829787234043
-14.446808510638299
-13.829787234042554
-13.382978723404255
-12.851063829787234
-12.340425531914894
-11.808510638297872
-11.404255319148936
-10.936170212765957
-7.23404255319149
-10.404255319148936
-9.936170212765957
-9.106382978723405
-9.063829787234043
-8.787234042553191
-8.382978723404255
-7.9361702127659575
-7.723404255319149
-7.340425531914893
0.9148936170212766
-4.531914893617022
-7.361702127659575
-5.638297872340425
-2.9361702127659575
-6.617021276595745
-6.191489361702128
-3.702127659574468
-5.319148936170213
-5.23404255319149
9.127659574468085
-0.619140625
-0.3203125
-0.572265625
-0.57421875
-0.052734375
0.046875
-0.443359375
0.9765625
-0.08203125
-0.318359375
0.25
-0.796875
-0.193359375
0.85546875
-0.478515625
0.4765625
-0.677734375
-1.013671875
-0.431640625
0.427734375
0.69921875
-0.115234375
-0.16796875
-0.79296875
0.666015625
0.2890625
0.81640625
0.19140625
-2.05078125
0.857421875
-1.05078125
0.04296875
-1.173828125
0.5234375
-2.48046875
-0.48828125
-0.982421875
0.658203125
-1.73046875
-2.484375
-1.509765625
-0.138671875
0.11328125
-0.12890625
-0.84765625
-1.326171875
-2.15234375
0.236328125
-0.30859375
0.7734375
-3.7578125
-1.115234375
-1.806640625
-0.162109375
0.05078125
-3.17578125
0.34765625
0.03125
-4.0
-3.169921875
0.384765625
-1.693359375
-1.419921875
-2.392578125
0.458984375
-2.45703125
-3.0703125
0.3515625
-0.642578125
-1.033203125
-0.20703125
-0.6640625
-3.05078125
-0.38671875
0.203125
-0.9140625
0.521484375
-3.587890625
-0.484375
-1.072265625
0.7578125
-1.91796875
-3.240234375
-1.544921875
0.1015625
0.255859375
-2.083984375
0.54296875
-2.732421875
-3.236328125
-0.234375
-1.5234375
-2.1953125
-1.046875
-1.916015625
-4.0
0.134765625
0.42578125
-1.99609375
-1.705078125
-2.4921875
-1.099609375
-4.0
-1.65234375
0.318359375
-2.37890625
-0.384765625
0.04296875
-2.662109375
0.525390625
-3.947265625
-2.60546875
0.689453125
-1.60546875
-1.142578125
-2.74609375
0.142578125
-3.142578125
-3.275390625
0.455078125
-1.1328125
-2.35546875
-2.55078125
-1.1171875
-2.1328125
-3.6015625
-0.068359375
0.1015625
-2.146484375
-0.7578125
-1.08203125
0.56640625
-3.11328125
0.09375
-0.822265625
-1.48046875
-2.890625
-1.109375
-0.07421875
0.349609375
-1.080078125
-1.576171875
-1.869140625
0.099609375
-0.22265625
-0.025390625
-2.31640625
-0.189453125
0.568359375
0.126953125
-2.646484375
0.359375
-1.32421875
0.8125
-1.298828125
-2.90234375
-1.244140625
-0.826171875
-0.4609375
-1.38671875
-1.87890625
-2.30078125
0.111328125
-1.087890625
-1.3203125
0.388671875
-0.97265625
-3.271484375
0.8125
-1.48828125
-0.666015625
-1.017578125
0.05078125
-3.794921875
-0.26171875
-1.599609375
0.521484375
0.396484375
-1.8828125
-3.525390625
-1.6640625
-1.0859375
-0.48828125
-2.01171875
-1.69921875
-1.68359375
0.8515625
-0.208984375
-1.126953125
0.4921875
-0.919921875
-3.068359375
0.78125
-1.484375
-0.54296875
-0.73828125
0.28125
-3.14453125
0.82421875
-0.158203125
-1.3984375
0.833984375
-4.0
-2.265625
0.73046875
-2.04296875
-1.599609375
0.640625
-2.978515625
0.626953125
-3.287109375
-3.408203125
0.69921875
-1.001953125
-1.771484375
-2.1171875
-0.359375
-2.01953125
-3.943359375
0.4921875
0.3046875
-1.763671875
-0.7890625
-0.837890625
0.046875
-3.599609375
0.134765625
-1.099609375
0.646484375
-1.462890625
-3.517578125
-1.4765625
-1.056640625
-0.349609375
-2.568359375
0.64453125
-3.484375
-3.35546875
0.767578125
-1.08203125
-2.00390625
-3.0546875
-1.1953125
-2.923828125
-4.0
0.01171875
-0.095703125
-2.07421875
-1.291015625
-1.173828125
-0.580078125
-4.0
-0.505859375
0.94140625
-1.775390625
0.708984375
0.109375
-1.95703125
0.798828125
-3.869140625
-1.65234375
-1.251953125
-0.287109375
-2.0703125
-2.689453125
-2.396484375
-0.408203125
-1.158203125
-2.04296875
-0.046875
-1.994140625
-3.755859375
0.67578125
0.306640625
-1.578125
-1.26171875
-1.205078125
-0.689453125
-4.0
-0.384765625
0.916015625
-1.91015625
0.541015625
-0.234375
-2.14453125
0.486328125
-4.0
-1.53515625
-1.283203125
-0.43359375
-2.646484375
0.720703125
-3.70703125
-3.22265625
0.876953125
-1.037109375
-1.60546875
-2.32421875
-0.236328125
-2.45703125
-4.0
0.46875
0.06640625
-1.86328125
-1.818359375
-1.57421875
-1.251953125
-4.0
-0.552734375
0.794921875
-1.900390625
0.59765625
-0.501953125
-2.158203125
0.453125
-3.888671875
-1.263671875
-0.537109375
0.595703125
-1.505859375
-2.806640625
-2.353515625
-0.50390625
-1.166015625
-1.916015625
0.2265625
-1.994140625
-3.388671875
0.982421875
0.23046875
-1.76171875
-1.599609375
-1.15234375
-0.673828125
-3.888671875
0.021484375
-1.568359375
-0.275390625
-1.865234375
0.728515625
-3.58203125
-0.9296875
-1.078125
0.041015625
-2.244140625
-3.244140625
-2.513671875
-0.580078125
-1.087890625
-2.166015625
0.267578125
-1.921875
-3.150390625
0.85546875
-0.732421875
-0.541015625
-0.142578125
-0.107421875
-3.302734375
0.556640625
-1.396484375
0.005859375
-1.556640625
0.919921875
-3.36328125
-0.53515625
-0.6953125
0.51171875
-1.828125
-2.8984375
-2.109375
-0.5390625
-0.93359375
-2.234375
0.244140625
-2.2734375
-3.412109375
0.140625
-1.712890625
-2.298828125
-1.77734375
-1.7109375
-4.0
-0.46484375
0.53125
-1.962890625
0.9296875
-0.8515625
-2.228515625
0.35546875
-3.6796875
-0.677734375
-0.9765625
0.31640625
-1.79296875
-3.294921875
-2.484375
-0.6015625
-0.7734375
-2.16015625
0.283203125
-2.359375
-3.365234375
0.001953125
-1.703125
-1.794921875
-1.140625
-1.07421875
-3.861328125
0.171875
0.826171875
-1.646484375
-0.4296875
-1.796875
0.447265625
-3.6640625
-0.73828125
-1.30078125
0.1484375
-2.041015625
-3.142578125
-2.005859375
-0.72265625
-0.8828125
-2.26953125
0.26171875
-2.470703125
-3.44140625
0.853515625
-0.2578125
-1.931640625
-2.400390625
-1.607421875
-1.982421875
-4.0
-0.57421875
-0.001953125
-2.6484375
0.251953125
-1.3984375
-2.58203125
-0.78515625
-4.0
-1.849609375
0.53515625
-2.203125
-0.599609375
0.5703125
-2.3046875
-3.330078125
-2.15234375
-0.6171875
-0.54296875
-1.830078125
-1.6015625
-2.412109375
0.921875
-0.611328125
-1.416015625
-0.669921875
-1.095703125
-3.611328125
0.5703125
-1.50390625
-0.251953125
-1.267578125
0.599609375
-3.333984375
-0.134765625
-0.802734375
0.294921875
0.783203125
-3.6015625
-1.298828125
-0.166015625
-0.677734375
-2.193359375
0.916015625
-1.541015625
-2.162109375
0.443359375
-1.40234375
-2.359375
-1.326171875
-1.84765625
-4.0
-0.08203125
0.380859375
-2.21484375
0.734375
-1.494140625
-2.388671875
-0.51171875
-4.0
-1.05078125
-1.771484375
-0.0234375
0.484375
-2.283203125
-3.357421875
-1.890625
-0.646484375
-0.619140625
-2.421875
0.5546875
-2.11328125
-2.541015625
0.583984375
-0.728515625
-1.474609375
-0.330078125
-0.974609375
-3.314453125
-1.017578125
-0.4921875
-1.35546875
0.1640625
-3.79296875
-0.50390625
-1.29296875
0.361328125
0.416015625
-2.45703125
0.7265625
-3.912109375
-2.20703125
-0.990234375
-0.92578125
-2.6171875
0.302734375
-3.119140625
-3.48828125
0.896484375
-0.3359375
-1.615234375
-2.3359375
-0.9140625
-1.58203125
-3.78515625
0.484375
0.6796875
-1.6015625
-0.916015625
-1.734375
-0.126953125
-3.671875
-0.2265625
-0.865234375
0.951171875
-1.802734375
-3.025390625
-1.1328125
-0.208984375
-0.05078125
-2.2265625
0.638671875
-2.50390625
-2.60546875
0.265625
-1.013671875
-1.908203125
-0.580078125
-1.681640625
-3.83203125
0.462890625
0.6328125
-1.619140625
-1.501953125
-2.146484375
-0.765625
-4.0
-0.7421875
-1.609375
0.3515625
0.259765625
-2.306640625
0.720703125
-3.8828125
-2.197265625
0.970703125
-1.5859375
-1.076171875
-2.333984375
0.6875
-2.42578125
-2.427734375
0.25
-0.95703125
-2.119140625
-0.70703125
-1.865234375
-3.732421875
0.708984375
0.865234375
-1.203125
-0.138671875
-0.451171875
0.732421875
-2.939453125
0.458984375
-0.87109375
0.6796875
-1.755859375
-3.005859375
-0.984375
-0.4140625
-0.0703125
-1.583984375
-2.2734375
-2.234375
0.359375
-0.798828125
-1.634765625
0.134765625
-1.083984375
-3.201171875
0.927734375
0.626953125
-1.650390625
-1.03515625
-1.361328125
-0.494140625
-4.0
-0.580078125
0.982421875
-1.859375
0.22265625
-0.04296875
-2.236328125
-3.4140625
-1.349609375
-1.052734375
-0.53515625
-2.06640625
-2.173828125
-2.251953125
0.01953125
-1.15234375
-2.083984375
-0.501953125
-2.19921875
-3.919921875
0.576171875
0.421875
-1.720703125
-1.212890625
-1.314453125
-0.2265625
-3.646484375
0.009765625
-1.298828125
0.8671875
0.224609375
-1.93359375
-3.408203125
-1.171875
-0.68359375
-0.189453125
-2.3984375
0.97265625
-2.6796875
-2.642578125
-0.396484375
-1.158203125
-2.33984375
-0.603515625
-2.18359375
-3.849609375
0.58203125
0.28125
-1.912109375
-1.740234375
-1.73046875
-0.826171875
-4.0
-0.41796875
-1.513671875
0.765625
-0.447265625
-2.767578125
0.978515625
0.01953125
-4.0
-1.71484375
-1.056640625
-0.173828125
-1.845703125
-1.99609375
-1.693359375
0.1796875
-0.703125
-1.642578125
0.296875
-1.337890625
-2.88671875
0.96875
-1.20703125
-1.3203125
-1.345703125
-0.87890625
-4.0
-0.669921875
0.486328125
-2.384765625
-0.06640625
-0.990234375
-2.865234375
0.146484375
-4.0
-1.732421875
-1.478515625
-0.6171875
0.921875
-2.83203125
0.634765625
-2.8984375
-2.384765625
-0.421875
-1.2734375
-2.337890625
-0.314453125
-2.423828125
-3.955078125
0.4296875
0.1328125
-1.400390625
-0.30078125
-0.072265625
0.4765625
-2.802734375
-0.94921875
-0.1953125
-2.208984375
0.263671875
-4.0
-1.392578125
-1.025390625
-0.3203125
0.728515625
-2.978515625
0.28515625
0.689453125
-4.0
-3.619140625
0.330078125
-1.69140625
-2.44140625
-3.4765625
-1.2421875
-2.828125
-3.830078125
0.580078125
-0.20703125
-2.416015625
-2.255859375
-1.79296875
-1.3671875
-4.0
-0.845703125
0.34765625
-2.171875
0.416015625
-1.03515625
-2.828125
0.34765625
-3.19921875
-0.09765625
0.015625
-1.67578125
-0.974609375
-0.095703125
0.521484375
-0.439453125
-1.583984375
0.6484375
-1.201171875
-2.3515625
-0.34765625
0.009765625
0.26953125
0.451171875
-2.451171875
0.009765625
0.701171875
-1.142578125
-2.427734375
0.4453125
0.087890625
-1.0859375
-2.228515625
-1.482421875
0.134765625
-0.23828125
-1.298828125
0.9921875
-1.380859375
-2.673828125
0.599609375
-1.275390625
-1.220703125
-0.66796875
-0.609375
-3.48046875
0.57421875
-0.95703125
0.419921875
-0.822265625
-2.630859375
0.04296875
-0.365234375
0.87890625
-1.294921875
-2.2890625
-1.267578125
0.349609375
-0.037109375
-1.791015625
0.36328125
-2.244140625
-3.361328125
0.943359375
0.125
-1.517578125
-1.681640625
-0.927734375
-0.955078125
-3.736328125
0.265625
0.845703125
-1.919921875
0.7265625
-1.22265625
-2.755859375
0.767578125
-1.025390625
-4.0
-2.041015625
0.423828125
-2.4140625
-1.138671875
-0.111328125
-3.197265625
0.478515625
0.783203125
-3.6796875
-2.544921875
-1.13671875
-1.501953125
-3.044921875
-0.533203125
-2.70703125
-3.29296875
0.29296875
-1.421875
-1.658203125
-0.990234375
-1.380859375
-3.9765625
0.111328125
0.724609375
-1.853515625
0.91015625
-1.068359375
-2.306640625
-0.296875
-4.0
-1.2265625
-1.564453125
-0.068359375
0.474609375
-2.603515625
-3.3515625
-1.859375
-0.14453125
-0.333984375
-1.681640625
-1.400390625
-2.23828125
0.759765625
-0.90234375
-1.1015625
-0.244140625
-0.724609375
-3.470703125
0.619140625
-1.265625
-0.033203125
-1.099609375
0.580078125
-3.349609375
-0.21484375
-0.92578125
0.490234375
0.7109375
-2.30078125
-3.705078125
-2.361328125
-0.953125
-1.09765625
-2.9921875
-0.2265625
-2.64453125
-3.046875
0.271484375
-1.306640625
-1.56640625
-0.396484375
-0.7421875
-3.162109375
-1.24609375
-0.181640625
-1.001953125
0.58203125
-3.35546875
-0.189453125
-1.271484375
0.111328125
0.357421875
-2.68359375
0.791015625
0.515625
-3.998046875
-2.427734375
-1.2890625
-1.33203125
-2.82421875
-0.11328125
-2.982421875
-3.3828125
-0.140625
-1.599609375
-2.22265625
-1.041015625
-1.451171875
-3.689453125
0.634765625
0.951171875
-1.517578125
-0.6015625
-1.38671875
0.26953125
-3.4921875
-0.19921875
-1.056640625
0.45703125
0.45703125
-2.3515625
0.939453125
-3.494140625
-1.72265625
-0.525390625
-0.537109375
-2.52734375
0.1796875
-2.81640625
-3.146484375
-0.158203125
-1.578125
-23.7
-12.2
-34.43333333333333
-68.26666666666667
-53.2
7.2
-15.3
-21.233333333333334
14.566666666666666
-30.033333333333335
-24.2
-53.4
-68.26666666666667
-35.5
-55.63333333333333
-4.0
0.759765625
-1.10546875
-1.939453125
-2.783203125
-4.0
-1.736328125
0.087890625
-2.2109375
-0.884765625
-0.5234375
-0.337890625
-0.365234375
-2.025390625
0.19921875
-4.0
-4.0
-3.0703125
-4.0
-4.0
-2.41015625
-2.333984375
-3.587890625
-3.853515625
-0.6328125
-0.380859375
-2.44921875
0.44921875
-0.576171875
-2.2890625
-0.69140625
-1.369140625
-4.0
-3.4453125
-2.447265625
-4.0
-1.3359375
-0.662109375
-3.205078125
-2.416015625
-3.955078125
-3.205078125
-0.13671875
-1.291015625
-1.921875
0.251953125
-2.57421875
0.794921875
-2.990234375
-4.0
-2.896484375
-3.36328125
-4.0
-2.37890625
-3.126953125
-2.830078125
-4.0
-2.580078125
-0.392578125
-2.474609375
-1.453125
-0.69140625
-1.19921875
-4.0
-4.0
-1.6328125
-2.759765625
-2.087890625
-2.94140625
-1.3359375
-2.34765625
-3.8671875
-1.328125
-0.32421875
-2.228515625
0.474609375
-1.890625
-0.298828125
-0.353515625
-4.0
-3.73046875
-1.962890625
-3.5078125
-0.439453125
-1.658203125
-4.0
-1.765625
-2.908203125
-3.19140625
-0.54296875
-1.19140625
-2.078125
0.015625
-2.55078125
0.990234375
-2.6484375
-4.0
-3.0859375
-2.615234375
-3.642578125
-4.0
-4.0
-2.09765625
-3.4765625
-2.572265625
-0.41015625
-2.14453125
-1.3828125
-1.1171875
-1.740234375
-4.0
-4.0
-1.8984375
-2.533203125
-1.86328125
0.001953125
-4.0
-2.505859375
-1.86328125
-3.73046875
-2.033203125
-0.6484375
-2.236328125
0.59375
0.861328125
-1.80078125
-0.0703125
0.189453125
-4.0
-4.0
-1.451171875
-2.7265625
0.625
-2.58203125
-4.0
-2.228515625
-2.763671875
-3.712890625
-1.322265625
-1.31640625
-2.322265625
-0.392578125
-2.37890625
0.91015625
-1.8671875
-4.0
-2.88671875
-1.58203125
-2.333984375
-4.0
-3.5390625
-1.427734375
-3.66796875
-3.67578125
-0.97265625
-1.78515625
-1.208984375
0.671875
-1.47265625
-1.87890625
-3.833984375
-4.0
-1.978515625
-1.9453125
-0.7734375
-0.37109375
-4.0
-3.015625
-1.537109375
-3.765625
-2.744140625
-0.9140625
-2.234375
0.162109375
-0.349609375
-0.419921875
-1.658203125
-0.369140625
0.34375
-4.0
-4.0
-1.083984375
-1.669921875
-3.646484375
-4.0
-1.462890625
-1.990234375
-4.0
-2.13671875
-1.29296875
-2.169921875
-0.25390625
-0.830078125
-2.078125
0.765625
-1.423828125
-4.0
-3.345703125
-1.115234375
-1.064453125
-4.0
-4.0
-1.06640625
-3.107421875
-4.0
-1.85546875
-2.02734375
-1.51953125
-1.357421875
-1.94921875
-1.697265625
-1.931640625
-1.3984375
-3.5546875
-0.318359375
-0.791015625
-0.57421875
0.06640625
-4.0
-1.525390625
-1.021484375
-4.0
-4.0
-4.0
-4.0
-1.474609375
-3.572265625
-3.423828125
-3.220703125
-1.294921875
-2.431640625
-3.197265625
-0.556640625
-2.025390625
0.923828125
-0.505859375
-4.0
-1.29296875
-3.19921875
-4.0
-4.0
-1.7578125
-1.95703125
-0.666015625
-2.599609375
0.16015625
0.537109375
-0.919921875
-0.18359375
0.33203125
-1.65234375
-3.490234375
-3.947265625
-2.1640625
-4.0
-4.0
-4.0
-4.0
-2.861328125
-0.05078125
-4.0
-4.0
-4.0
-2.98828125
-2.36328125
-0.642578125
-2.4921875
-3.61328125
-1.83984375
-0.634765625
-2.54296875
-4.0
-4.0
-4.0
-3.3984375
-4.0
-4.0
-4.0
-3.26171875
0.537109375
-3.353515625
-3.9296875
-4.0
-4.0
-4.0
-4.0
-4.0
-4.0
-4.0
-4.0
-3.111328125
-0.11328125
-4.0
-4.0
-0.01171875
-4.0
-4.0
-4.0
-4.0
-0.484375
-2.669921875
-4.0
-4.0
-4.0
-1.8984375
-1.427734375
-4.0
-2.90234375
-2.55078125
-4.0
-4.0
-4.0
-4.0
-4.0
-4.0
-4.0
-4.0
0.1015625
-2.552734375
-4.0
-0.671875
-4.0
-4.0
-4.0
-4.0
-2.396484375
-4.0
-4.0
-4.0
-4.0
-4.0
-4.0
0.6953125
0.544921875
-4.0
-4.0
-4.0
-4.0
0.140625
-3.587890625
-4.0
-4.0
-4.0
-2.533203125
-4.0
-3.17578125
-1.455078125
-4.0
-4.0
-4.0
-4.0
-4.0
-4.0
-4.0
-4.0
-1.916015625
-0.21484375
-4.0
-2.78515625
-4.0
-4.0
-4.0
-4.0
-2.302734375
0.5703125
-4.0
-4.0
-4.0
-4.0
0.697265625
-1.59765625
-4.0
-0.8359375
0.236328125
-4.0
-4.0
-4.0
-4.0
0.439453125
-3.732421875
-4.0
-4.0
-4.0
-3.10546875
-2.16015625
-3.58984375
-1.169921875
-4.0
-4.0
-4.0
-2.115234375
-4.0
-4.0
-4.0
-4.0
-1.677734375
-2.537109375
-1.60546875
-2.994140625
-4.0
-4.0
-4.0
0.20703125
-4.0
-4.0
-4.0
-3.556640625
0.28515625
-2.759765625
0.412109375
-4.0
-4.0
-4.0
-2.849609375
-2.8203125
-4.0
-4.0
-4.0
-2.3828125
-2.345703125
0.443359375
-4.0
-4.0
-4.0
-0.96484375
-4.0
-4.0
-4.0
-4.0
-1.931640625
-1.0234375
-2.408203125
0.419921875
-2.05078125
-4.0
-4.0
-4.0
0.509765625
-4.0
-4.0
-4.0
-4.0
-2.31640625
-3.89453125
-3.44140625
-0.365234375
-2.544921875
-3.322265625
-4.0
-4.0
-4.0
-2.337890625
-4.0
-4.0
-4.0
-4.0
-0.1015625
0.845703125
-4.0
-2.869140625
-1.2265625
-0.9921875
-4.0
-4.0
-4.0
-1.8828125
-4.0
-4.0
-4.0
-4.0
-4.0
-2.5078125
-4.0
-1.693359375
-2.0390625
-0.548828125
-4.0
-4.0
-4.0
0.94921875
-4.0
-4.0
-4.0
-4.0
-3.052734375
-4.0
-4.0
-2.203125
-3.193359375
-3.5546875
-4.0
-4.0
-4.0
-2.064453125
-4.0
-4.0
-4.0
-4.0
-0.923828125
-4.0
-4.0
-2.234375
-1.453125
-4.0
-4.0
-4.0
-1.76953125
-4.0
-4.0
-4.0
-4.0
-4.0
-2.8046875
-4.0
-3.998046875
-4.0
-1.16796875
0.07421875
-4.0
-4.0
-4.0
-4.0
-4.0
-4.0
-4.0
-4.0
-4.0
-4.0
-4.0
-4.0
-1.994140625
-4.0
-4.0
-3.6640625
-1.5546875
-4.0
-4.0
-4.0
-4.0
-2.572265625
-4.0
-4.0
-3.28515625
-2.978515625
-4.0
-4.0
-4.0
0.6875
-3.048828125
-4.0
-4.0
-4.0
-4.0
-1.037109375
-4.0
-4.0
-4.0
-0.8359375
-4.0
-4.0
-4.0
-4.0
-4.0
-4.0
-4.0
-4.0
-4.0
-4.0
-4.0
-4.0
-0.822265625
-4.0
-4.0
-3.484375
-0.69140625
-4.0
-4.0
-4.0
-4.0
-4.0
-4.0
-4.0
-4.0
-4.0
-3.763671875
-4.0
-4.0
0.26953125
-2.97265625
-4.0
-4.0
-4.0
-4.0
-1.431640625
-0.267578125
-4.0
-4.0
-4.0
-1.986328125
-4.0
-4.0
-4.0
-3.86328125
-4.0
-4.0
-4.0
-4.0
-3.37109375
-4.0
-4.0
-4.0
-4.0
-4.0
-1.42578125
0.5859375
-4.0
-4.0
-4.0
-4.0
-4.0
-4.0
-4.0
-4.0
-4.0
-1.470703125
-4.0
-4.0
0.96875
-0.990234375
-4.0
-4.0
-4.0
-4.0
-2.41796875
0.150390625
-4.0
-4.0
-4.0
-2.45703125
-3.556640625
-4.0
-4.0
-4.0
-4.0
-4.0
-4.0
-1.638671875
-4.0
-4.0
-4.0
-0.228515625
-0.826171875
-4.0
-4.0
-2.208984375
-4.0
-4.0
-4.0
-4.0
-1.0859375
-3.06640625
-4.0
-4.0
-4.0
-4.0
-4.0
-4.0
-0.04296875
-4.0
-4.0
-3.083984375
-2.521484375
0.05078125
0.36328125
-4.0
-4.0
-4.0
-4.0
-4.0
-4.0
-4.0
-4.0
-4.0
-2.009765625
-2.083984375
-0.083984375
0.3515625
-1.2734375
-1.888671875
-1.486328125
-4.0
-3.001953125
-0.8203125
-4.0
-1.908203125
-3.98828125
-4.0
-1.921875
-0.478515625
-0.787109375
0.861328125
-0.88671875
0.90625
-4.0
-1.828125
-1.138671875
-3.03515625
-3.44140625
-2.578125
0.3203125
-2.23046875
-2.423828125
0.47265625
0.908203125
0.818359375
0.640625
0.01171875
-0.30078125
-1.490234375
-4.0
-1.1328125
-1.787109375
-1.734375
0.95703125
-4.0
-2.7578125
-1.833984375
-4.0
-4.0
-1.236328125
-2.115234375
0.59765625
-0.947265625
-0.990234375
-2.197265625
-0.876953125
-4.0
-4.0
-1.7578125
-3.41015625
-0.48046875
-2.734375
-4.0
-2.0078125
-3.265625
-4.0
-3.50390625
-1.478515625
-2.162109375
-0.8984375
-3.001953125
-1.8046875
-2.384765625
0.76953125
0.07421875
-4.0
-3.431640625
-1.81640625
-3.015625
-4.0
-4.0
-1.490234375
-4.0
-4.0
-3.38671875
-2.484375
-1.599609375
0.857421875
-0.0546875
-3.552734375
-1.236328125
-2.01171875
-2.326171875
0.12890625
-4.0
-2.83203125
-1.20703125
-4.0
-4.0
-1.734375
-2.083984375
-0.412109375
-0.443359375
0.724609375
0.85546875
0.6484375
-4.0
-4.0
-2.96484375
-1.55078125
-4.0
-4.0
-2.478515625
-1.98828125
-4.0
-2.61328125
-0.5078125
-1.302734375
-0.474609375
-2.48828125
-0.212890625
-0.431640625
-0.234375
-4.0
-3.666015625
-0.5078125
0.380859375
-4.0
-4.0
-1.126953125
-3.13671875
-4.0
-2.30078125
-1.162109375
-0.9921875
-1.646484375
-2.703125
-1.16015625
-1.3359375
-2.181640625
-4.0
-2.033203125
0.134765625
-0.771484375
-4.0
-3.41796875
-0.95703125
-4.0
-4.0
-1.619140625
-1.59765625
-0.046875
-3.62109375
-1.7890625
-0.603515625
-0.796875
-4.0
-4.0
-0.58203125
-2.984375
-4.0
-1.439453125
-1.212890625
-4.0
-3.638671875
-0.96484375
-1.47265625
-0.318359375
-3.45703125
-1.53515625
-1.705078125
-0.65234375
-0.107421875
-4.0
-3.982421875
0.068359375
-1.693359375
-0.86328125
-1.052734375
-2.4921875
-1.0078125
-0.19921875
-0.927734375
-4.0
-4.0
-4.0
0.103515625
-0.669921875
0.515625
-1.669921875
-4.0
0.455078125
0.255859375
-4.0
-3.9296875
-2.537109375
-4.0
-4.0
0.607421875
0.70703125
-0.646484375
-4.0
-4.0
-0.81640625
0.291015625
-1.70703125
0.818359375
-1.705078125
-1.146484375
0.740234375
0.126953125
-0.69140625
-4.0
-2.474609375
-2.302734375
-4.0
-2.708984375
0.638671875
-1.740234375
-4.0
-4.0
-0.00390625
-0.62109375
-1.744140625
0.759765625
-2.990234375
-0.49609375
0.6640625
-2.361328125
-4.0
-1.88671875
-2.94140625
-4.0
-0.84765625
0.734375
-0.693359375
-2.365234375
-4.0
-2.44140625
0.357421875
-1.646484375
-0.94140625
0.408203125
-1.826171875
-0.365234375
0.9453125
-3.984375
-3.99609375
-1.697265625
-3.78515625
-4.0
0.5703125
-0.078125
-1.31640625
-3.830078125
-4.0
-1.44921875
0.013671875
-2.2890625
-0.16796875
-1.126953125
-0.42578125
-0.380859375
-0.671875
-0.06640625
-4.0
-3.333984375
-2.16796875
-4.0
-2.744140625
-2.232421875
-2.412109375
-4.0
-4.0
-0.44921875
-0.78515625
-2.318359375
-1.314453125
-1.896484375
-0.25390625
-1.849609375
-4.0
-2.568359375
-2.791015625
-4.0
-1.287109375
0.076171875
-2.076171875
-2.615234375
-4.0
-3.103515625
-0.052734375
-1.724609375
-1.63671875
-0.2109375
0.455078125
0.115234375
0.298828125
